21 2 4
##############################
Layer 0
weights: 13 21
-1.129247318753709 -0.2905186607309918 -0.3735581586375552 -0.2383800406744943 -0.280530006599817 0.9536587128201939 -0.9188759784986644 0.1912687919789659 0.4088824699782863 1.295435659092377 -0.6537930881224359 0.010048541447145268 -0.21245246298739806 1.8796341891925525 0.17340546560387166 0.2477376837720485 0.19774921806631524 -0.8646602129348525 4.238186118756324 -0.49592680401126715 -1.0699476269440993 
0.9373661502830805 0.8301051806974215 0.26367915381017837 0.24353839277547093 -0.5795474952847571 -1.027913435189441 0.72847181870057 2.154520811735687 -0.050692832556169354 1.47188803910705 -1.0951436478185441 -0.6403753019006208 0.26029176714798097 1.075839815812238 -0.6707373422340012 -1.4035273777941095 0.35082755684258693 0.185204527081571 -1.3548772191081837 -0.7985592055093409 -0.5045836615811875 
0.8390147778427715 0.6263926783140961 -0.07020536321630846 0.06328055360729053 -0.3497990470802339 0.9778976496292509 0.7448651289938828 -0.39161023085974356 -1.2270528024676846 1.2441409909199337 1.7986968780070365 -1.1153200513435308 2.151280124943136 -0.08219557393159722 0.8638194087263702 0.16968308534199414 0.22616878538481106 -0.4439301325515993 0.4582129485129847 4.502061874663415 -0.3583227683693717 
-1.028723627602816 1.9853479450574172 -0.270080391074771 -0.6282735059231425 -0.029208973706949765 2.6565190512836243 -1.0174059733225027 2.208427851558112 -0.872759539550407 0.9882876052332971 2.2406892964638208 0.07793803288540495 -0.5828786958485153 -0.8933564287246809 1.5617695121537074 0.09542832646980999 -0.2833218004440769 -0.38970867249782787 0.7156616749757609 0.26388014469466786 0.38104042202886224 
0.7440533965486453 -0.2039155353925759 -2.4350210927782996 -0.3459706557302923 0.501302398244087 0.688324222346233 -1.225880467934429 0.10640769723054373 -0.5473401067180439 -0.4975297373509893 0.7256008074759381 -2.2375713739458796 -1.0769943752222972 0.23595831128995218 0.8455667444580757 1.0520731220607773 2.359303754893359 -0.7588285228766324 -0.07567320290737786 0.4237270893458556 -0.1558203072159416 
0.7387311237819005 0.4999368576246242 -0.2151733822567493 -0.03942066819893921 -1.010653448102212 -1.484936702968772 -2.897245266172398 0.5022951267209648 1.641055192268493 -2.053481292597543 0.49862690203229354 -0.3132020255112606 -0.271034802915476 0.08699726817804099 -0.8789077979787947 -0.056387323289014024 -0.2743754444029389 -0.6660932468690972 -0.9662803413372946 -0.049277807309703874 0.1349976336898354 
-0.7143013567910168 0.8081566919875003 0.24017660906276544 0.43538491000923907 -0.31790637337418387 0.31064456299656085 -1.1072735575702441 2.6417838091818346 0.6112026546138065 0.12117927340516013 -0.11645845682184296 0.01198837652297366 1.0594225006964197 -0.8056068003145574 -0.6595898324139683 0.18086177825075536 0.08608854293480828 -0.7881496783270192 -2.12389712375285 1.8180374913114115 -3.857168991781639 
-0.29885082668899915 -1.4473495351589014 2.0055836323301874 -0.9476936216608243 -0.10973244142015166 -0.5541265463142374 1.3673777960636329 -0.1466679226505895 -0.19510863016441257 -0.4420009156960548 1.5616039631123915 -0.15009999138006794 -1.4857607502561878 0.676704495266327 -0.6995325655334851 0.08973341951502535 -3.6800875220608043 0.2512379738714082 0.1827369035748149 0.6912619412987497 0.19320429002283537 
2.1311277395734027 0.8211933737625136 -0.04641055581799427 0.5035678885203213 0.1797694910577843 -1.3255829228155163 0.04436917958585488 0.7065116538242847 0.18021621328123905 -0.4971381696186935 -1.266901384099229 -0.2310066301374552 0.04531602885948396 -0.015279261892848643 -1.0733936916156646 -0.13219119534953655 -0.6515099291068673 -0.025963714205270858 -0.09770680717087712 1.207762129009622 0.6283122672873348 
0.06826014637181499 0.4471873407315268 -0.7529059760533577 0.10070051369821612 -0.0689004457258231 -1.4359355084224037 0.13808961185442084 -0.35217968773697567 -0.751039535972735 -0.5923543099258695 0.765390367202212 0.04978102112617718 -0.40418423130149567 -0.030953074551959565 2.1126780514825323 0.4973356590809455 0.9971202417310471 0.3603367494109027 -0.26696791886849447 -1.3781424266195266 0.11848961637483553 
-0.326380527102082 0.39548702321165513 -0.49633984753106986 -0.3563803396173838 -0.6163920859415818 -0.4606110611582858 -0.4003282498825696 0.26741473416583406 -0.30948464307960083 0.7501748825668814 0.47140838248022987 -3.9799640360334125 -0.2653411424163717 -0.83918791269754 0.5106309448169892 2.1184006454143227 -0.814088560940141 -0.9145114999332452 -0.991871109846458 3.6190533606235182 -1.2882375368161079 
0.6515331263764285 0.44055327202223765 -0.1873923680808068 -0.2992873782379226 -0.9693508927707513 0.2603896158391905 -0.39702087410361625 -1.9702846825718894 1.133223290986697 0.579088362280384 -1.2725684808627538 -0.23203224997034327 -0.5642659278826686 -0.05917959021356272 0.02404897390451499 1.1385063539296707 -0.015126874642245164 -0.3240405396392816 -1.0041511100447413 2.816701986695258 0.25049005066989194 
-0.33821190621656305 -0.5872301427790224 0.1399780903069555 0.27510273372672234 -0.07433087184637428 0.4168872185712411 -0.3469662160043837 0.20466802024286979 -0.8458716757229415 0.2939628013023876 1.3168707938587707 -0.1445480100408 -0.8440972018140297 1.0334886556843967 0.5555026286142388 0.5827073298859741 0.2722151014109347 0.15573108124123555 0.23517267584916648 -0.7800223353453161 2.041139960311491 
biases: 13
-0.5695544696945916 -0.00852015781854718 -1.0970281909233135 -0.21791599354986443 0.828895209408647 -0.837786283570265 0.9615297692006698 -0.6064955414810629 0.040135613932292535 1.108281314076457 0.5955518175607164 0.6337424057268308 -0.37005632293944923 
##############################
Layer 1
weights: 6 13
1.127598457760799 0.45769098749754555 2.520025270119701 -1.1472507772932723 -1.0439319594854874 1.0015125790711779 0.7135506157829022 0.26507091145698525 -0.9851769676428125 -0.7552470158076771 -2.1374842786264288 0.4243255669380826 -0.09528303895521595 
0.3959697388743882 0.40666760104558436 -0.3025812624944416 2.422694555164535 -0.8785313682336718 0.08223063161790488 0.7112212424249512 -0.5633522570781999 -0.513273311035502 0.7445333962133602 -0.7011507032986948 0.2520110171677083 -0.025139436602969464 
0.6296639192596554 -0.28621491291063006 3.3711590494970345 1.9569847678291938 0.3456569058582924 1.159874879334603 -0.34610323586970965 0.31089339268913496 -0.8033607076677458 -0.5905411235073121 0.0467996485920934 0.1838178484623944 0.50518603320955 
0.04842406274182047 -0.00892398238066302 -1.876597630047442 -0.5031065199396892 0.9653606647734521 0.07622383321410041 -0.2633886442173543 -0.2886404232235941 -1.2099482716473382 2.5607203022276748 0.17942031370616937 1.2406612863688604 -0.4043893022924409 
0.8576033423384714 0.026571245812311458 -0.5524471405619706 1.0407409349820658 -2.0423559094680503 0.567908917195638 -1.6190646791971732 -2.5916222570244534 0.6704817024839175 -0.006291445487444181 1.8991085377598695 -1.2203382276230328 -0.10505110552892712 
-0.12403753476267297 2.168927096234396 0.3469104187965286 0.7795429493850138 -0.9798716750957764 0.08883034119841215 0.4653380926257477 0.473282471813872 1.0672579387106038 -0.6000706999239181 -0.2560570686375311 0.2822663593958138 0.05303970008953518 
biases: 6
-0.4066123142811141 -0.08555299020121673 -0.24671392902974165 -0.33863712823835596 1.6830301069834481 0.6003455761206533 
##############################
Layer 2
weights: 4 6
0.1869858449553205 1.36651325948586 -0.8230776228741371 0.9019995739567778 0.9499942270894478 0.18368326809745958 
-0.33315910439160584 0.12385208473776971 -0.22401223192159359 -0.6143476640831719 -0.1895549388765609 -1.8067298487298098 
0.631961736096191 -0.2527654097028447 -0.9557515609081579 0.35353685272330937 0.8583131324842405 4.163856981875444 
-0.024237076987140116 -0.05860656679504753 1.2776572417627894 -0.3416620861489496 -5.67337243749181 -0.28965181577459675 
biases: 4
-1.658615324555936 -0.7272443433799328 0.46521110009041067 0.22631366703405023 
