10 2 10
##############################
Layer 0
weights: 10 10
-0.39541900343238273 -2.61329780452783 0.3269861346438484 -0.2754722410263229 -0.5286079854819269 -1.180202248936797 0.2240257203516432 -0.07965775950248084 1.1397671239591114 0.7090759631474822 
-0.9991030963835079 0.1809452650631028 0.43464053238422856 0.2801600861453414 -0.5111781368537194 -0.7805358549426576 1.6240685457639445 -1.3116571880388102 1.5998720552187895 -0.4561477858756809 
0.3442938351888234 0.5340835362419449 1.5618264468957075 -0.20541660023958985 -1.544770904325757 -3.175790600317731 0.12373163298235737 1.8300732264967745 -1.5014779012816872 -0.7579219362811351 
0.13145367341173025 1.1156543548719904 0.07902615322282058 0.7808304657586955 1.0062547415232947 -0.5456267489093768 -2.3223397597625377 -0.1751365709501787 0.19006529940637626 -1.6012638759316322 
-0.6585043374225499 -0.053731454392627914 -0.11322437859430629 0.8560037196297989 -1.3531038001475766 -0.7264305816582214 0.8890383056382893 -0.16655179353822344 0.17872307615120914 -0.8792719182087009 
-0.1063668206602331 -1.3234412841003522 0.7830760054084206 -0.9622155286514588 -0.5931240806108401 -0.5730271317177964 0.7933266010381801 -0.017180882800026505 -0.4362927921381042 -0.4136675088328725 
0.5670372549589702 0.21236729570585205 1.015212790834397 0.23019720549923925 -0.7053223810461041 -0.5177901634911549 0.49387044384179524 -1.4363834661669888 0.24844229858119404 1.0012418286018998 
-0.2810928497103745 -1.3340717865856995 -0.450479179918489 0.9445287764342777 -0.1699711772723394 -0.3423528544179162 1.0599821477787397 -0.7905298558643552 0.28368113638683506 -0.29328969310516545 
-0.4542179817035555 -0.8900256765539666 0.322564074394902 0.22934745727664557 -1.7518000557583877 0.7415738416062422 1.184296547044709 1.1346525836765045 -0.13056187363022742 -1.035762604861132 
-1.5693183850004735 -0.08664998768010644 3.6428242707608165 -1.9407527856956404 0.7951285134994933 1.603328483148394 -0.3097949982458191 0.9656939245793311 -1.4001163935831693 -0.3235942938821262 
biases: 10
-0.660645153696164 -1.4325219279311825 0.5115064916159662 0.340661375208215 1.7974355132406463 -0.5943587371016994 1.0703193408891527 -0.28972468536657475 0.46939857605208607 -0.41548444382511945 
##############################
Layer 1
weights: 10 10
-1.660509432337905 0.16433642251253652 -0.3705228630970512 -0.45628987373677155 0.2957733399825604 0.24788413138848223 -0.3699637302821759 0.1964858073954531 0.918776430070663 -1.1002073362719993 
0.3123047010933525 -0.6177472239991275 1.0577555101496496 -0.7128088565723542 -0.7279339417725535 0.034692768861019824 0.3225884774650284 -0.123305847255411 -0.9773933756064378 0.550895428548218 
-0.8947437783054019 1.6786899700376712 0.7718194071009076 3.238622576843619 1.5999018701280265 -0.1547362745088712 0.0034421295247322975 -0.21602088201890468 0.578657620381367 0.9060098420366381 
0.5694996809570965 -0.008398908326873927 -0.33418962983827283 1.089457494523197 0.3964279778082931 -1.551713595296456 -1.359854022803045 -0.043375888067517084 0.5588455257585563 -1.1852545760251474 
1.10554166010635 0.27297813130061316 -0.03235559780430123 0.7456225389207103 -1.4893189619933922 -0.06348629617362168 0.3771150932939444 -1.263883724607263 1.2986255448112956 0.5236020976822592 
0.6003937855718766 -1.6921326148115716 1.9568901763332753 0.2060564682153938 -1.848562402378503 0.13715947092288044 0.15017005225660843 -0.23712395260924093 -2.3640744690186652 0.39979668809845714 
2.505649265422837 -0.4249966647526978 -2.585392702513726 0.6109221484974886 1.545173885077009 -1.309551633411467 -1.678926640335072 0.2125437065404985 0.46149567078742537 -0.2633761557212574 
-0.6463494718560802 0.011721191071223734 1.1375690859203815 0.14008340215971143 0.9961399580036162 -1.8215278293094646 2.2244968304279094 0.19672145013741227 0.3915029390850616 0.3174239219108368 
-1.1678970966235056 -0.6151211984686556 1.475154544374933 -1.4914963676197546 0.6046124547596239 -0.9214066219338505 1.2246304241378911 1.0604198686736028 -0.42532807963222746 0.3532810273900545 
-0.2703617601703386 -0.8809239806302481 -1.838494095383566 -0.861684746511835 -0.31458946499613166 0.8399301051222644 -0.42788978237760045 0.5423396013028587 1.351723766995695 0.5545114942113998 
biases: 10
0.5896583548619367 2.000613790493795 -0.288527898068933 0.1825585310572966 -2.7339865541483115 -0.8678522412448307 1.3263314186507174 -2.1696788197469905 -0.9687196718168753 0.2120811160057229 
##############################
Layer 2
weights: 10 10
-0.7996240569377101 1.6233245444559632 -0.6284579749774354 1.643956319250272 -0.22656885655595876 -0.22005344086685696 0.37472918707981634 -0.963695379602897 0.6650158441197719 0.7833581310606078 
-0.3451869104806425 -0.7757187051777694 -0.8418571111247107 1.4296556078322473 -1.0091457102632948 -0.401659412827508 -0.8077658082825477 -0.04190139253091043 1.1183330795904014 -0.12786336073192447 
-1.415394989967134 -1.2863380627337884 0.5131652393258752 1.025058648320215 -0.7575964572606083 -2.3315092526662498 -0.6393101974760473 0.619547969497612 -0.32807607392101784 0.6953228836053502 
-0.4442420266963229 1.0334819323584388 0.24639160682265696 0.6514654832737209 0.14103768872442704 -0.43427687224980627 -0.463968414254696 0.11847546710132134 -0.30541591170031274 -3.5337528485258525 
-0.38362537527386115 0.8152859941350957 -1.2464000271997038 0.01255060626868489 0.09193047294022454 -0.0037026499141017103 0.12456972056478523 -1.4389873075341992 0.396959571653969 0.6940462438826331 
-0.9608237169423868 -1.7643474974012023 1.0532607003403465 -0.06724460755497201 0.3278108413529053 0.5683090398601183 0.14144853232915114 -1.088289506104861 -0.15636000189447047 -0.9458860120266576 
2.9898145497048514 0.6860267550861037 0.18896987819127034 0.10091841843484722 0.3408597789089461 -1.30250299883108 -1.222167523737981 0.48762392459817744 -0.03150341461676799 0.24219628316658534 
0.4206780838812794 -2.495728993480885 -0.4390700805244641 0.057526809455163586 -0.2510853598885224 1.3798832856842773 1.6539775253231481 -1.9329666286280198 0.02533101220719006 -0.01713074620678906 
-1.2555812820697907 0.06781953089005767 -0.7289813675836246 0.22442053788733854 -0.46907532953982967 1.3117005462736138 -0.4706127831885537 2.9831420343710904 0.29808827266009746 0.21868165684168747 
-0.0880495575536404 -1.2052197326827663 -0.4195066204000712 0.7051507404190248 -0.5842101857826221 -1.2494505653303114 0.7988625344206186 -1.0196798292171996 1.7003647676744431 0.8828913302602122 
biases: 10
-0.5672512219277025 -1.5796583789932828 -1.1542624153227248 0.16794893929550778 0.9415658587764056 -0.40644544928689685 1.5350805987862393 1.0360115080805843 -0.12384780176447367 0.4847995208889695 
